1010101100001 01110011 01100100 00100000 01100001 01110011 01100100
1001000110001 00110010 00110011 00110100 00110101 00110110 01100010 01100010
110111
111000
111110
111010


1010101100001011100110110010000100000011000010111001101100100
100100011000100110010001100110011010000110101001101100110001001100010
110111
111000
111110
111010


101010110011101101001011100000111001101111010001000000100101001100001011010110110000101100010
100100011000100110010001100110011010000110101001101100100001001000010
110110
111000
111110
111010


101010110011101101001011100000111001101111010001000000110101001100001011010110110000101100010
100100011000100110010001100110011010000110101001101100110001001100010
110111
111001
111110
111010


